- 20 70 96 15 93 1 21 52 1 56 36 75 39 24 11 98 86 49 82 67 2 24 56 82 43
- 10 89 71 47 46 68 28 78 6 45 33 16 8 10 60 78 84 1 24 79 62 63 86 58 4
- 8 47 90 17 84 39 24 83 51 83 3 12 19 13 86 45 28 1 27 72 48 90 56 47 16
- 30 1 57 4 7 68 76 88 84 7 98 28 16 74 50 17 60 65 84 6 51 17 2 17 95
- 5 19 34 31 55 32 70 75 32 41 99 38 38 46 6 45 75 3 63 12 38 51 12 70 59
- 60 23 89 94 78 62 57 9 50 55 47 3 4 44 39 11 94 9 43 69 42 9 98 74 37
- 3 97 87 72 89 34 4 49 63 66 70 31 28 41 16 57 44 17 59 50 90 8 14 54 93
- 23 17 14 38 51 22 26 19 36 5 12 65 7 16 9 98 82 23 86 58 46 69 86 4 64
- 9 84 40 17 86 75 81 59 37 17 43 40 1 43 26 90 83 69 58 34 16 96 9 15 70
- 3 59 35 9 88 53 72 86 64 5 68 16 4 10 3 10 80 95 47 23 66 94 47 29 74
